96 5
75   91    6  85   4815
6 	 48   48  48    234
5	 60   24  40    160
74   48    8  86   4794
10   74   70  11    659
67   89   32  19   4551
49   36   32  68   3150
90   49   95  82   6014
74   90    9  19   5017
94   49   19  47   6353
21    3   90  38   1399
95   21   60  34   6550
14   50    7  84    606
89   46   65  44   6081
38   83   62  63   2392
48   67   33  33   3194
70   88   91  86   4553
92   41   62  53   6244
92    3    4  17   6379
43   54    7  93   2594
40   75   86  15   2750
74   64   72  39   5024
50   61   46  71   3191
78    5   60  20   5440
32   13   14  56   2014
21   34   18  78   1140
88   96   17   1   6084
71    4   74  67   4773
43   29   10  19   2909
3	 32   96  29    164
5    82   22  72     11
50   54   64   2   3507
48   33   54  67   3107
42   82    8  46   2690
65   88   23  79   4162
32   33   35  86   1898
44   89   35  32   2902
61    9   85  46   4162
52   14   62  65   3427
56   69   66  13   3861
23   86   23  72   1268
54   64   24  47   3549
80   26   56  22   5538
24   22   94  65   1484
50   87   32  21   3363
77   88    9  78   4990
86   88   21  54   5739
79   47   66  65   5287
372  273   48  39   3450
232  226  172  64   9340
160  162  146  31   7806
76  291   92  59   5089
128  186  164  63   8200
224   30  110   3   5980
292  123   52  37   3351
336   96  142  54   7925
388  255  78   96   5030
180  165  110  16   6031
248  219   46  27   3051
88    60   34  40   1969
288  216  102  75   5961
312  261  168  58   9330
12  141   44  66   2433
384   99   70  62   4422
196   39  100  56   5490
196  183  190  88  10155
16   30  138  18   6972
376  114   28  76   2341
152  183    2  64    662
276  297  188  48  10302
392    3   54  42   3524
344  273   82  48   5117
220  105   50   1   3057
388  144  112  60   6589
56   33   16  73   1005
160  192  120  60   6568
128   87   88  59   4790
164  132  132  80   7151
232   45    8  77    982
132  174   46   2   2745
138   55   16  15   3691
66   95   12  57   4284
6   50   44  36   1981
36   70   96  51   2859
60  100   64  69   4105
36   55    0  15   3544
138  120   20  42   7278
6  115   72  12   8697
126   85    4  72   2625
36    5   64  66  -3326
132  110   16  63   5197
36    0   88   6    -51
42   70   28   9   5185
24   85   48  69   2823
60   45   72   3   3697
132   35    4  48     65